1
2
4
5
6
7
9
11
13
15
17
18
19
21
22
23
24
25
27
29
33
37
38
39
43
45
46
47
48
49
53
54
55
61
62
63
64
66
67
68
69
70
76
78
79
82
84
86
90
91
92
93
94
95
96
100
103
107
108
109
110
111
112
113
115
118
119
120
121
123
126
129
133
135
136
142
143
144
145
146
147
148
149
150
151
152
153
156
161
166
167
168
169
172
174
175
177
179
180
181
182
186
187
188
189
190
192
193
194
197
198
199
200
201
202
203
204
205
206
207
208
209
210
211
212
213
214
215
216
217
218
219
220
221
222
223
242
245
246
248
257
261
263
264
266
283
284
286
287
310
312
315
316
317
321
322
333
344
345
346
347
349
351
353
354
357
359
362
365
366
368
375
376
377
378
379
380
384
385
386
387
389
390
393
395
397
401
402
403
404
405
406
408
409
411
413
415
417
418
419
420
421
422
425
428
429
430
431
432
433
436
437
438
439
440
443
444
446
447
448
450
457
460
463
464
465
469
471
477
478
481
482
483
486
487
492
493
494
497
498
499
500
501
504
506
507
508
509
510
511
512
513
514
515
517
518
519
520
521
522
523
524
525
526
527
528
530
532
533
535
537
538
540
543
544
549
553
554
555
558
559
561
562
563
564
565
569
570
571
572
575
576
577
578
579
581
588
589
590
594
596
599
603
604
606
607
613
614
616
621
625
626
628
630
631
632
634
636
639
641
643
644
645
646
648
650
653
654
655
656
657
658
661
662
665
666
668
673
674
675
677
678
679
682
689
690
696
697
698
700
701
704
705
706
712
741
742
744
748
753
758
759
761
762
764
765
769
770
771
773
774
775
776
780
801
808
810
848
860
873
888
901
953
990
991
992
993
994
995
996
997
998
999
1010
1026
1030
1031
1032
1036
1037
1038
1039
1040
1042
1045
1047
1048
1050
1052
1054
1056
1058
1059
1061
1064
1066
1072
1075
1077
1080
1090
1091
1092
1093
1094
1100
1104
1105
1109
1112
1118
1121
1123
1140
1141
1142
1145
1150
1155
1160
1163
1165
1168
1170
1172
1175
1178
1179
1187
1189
1191
1194
1195
1199
1200
1209
1210
1212
1214
1216
1222
1223
1224
1226
1227
1238
1239
1241
1248
1253
1254
1258
1260
1261
1263
1264
1265
1267
1270
1271
1281
1284
1292
1295
1296
1297
1298
1299
1303
1305
1307
1308
1310
1311
1313
1314
1315
1323
1326
1327
1328
1336
1340
1341
1343
1344
1345
1347
1348
1349
1353
1359
1360
1361
1367
1369
1370
1371
1372
1374
1375
1376
1377
1378
1382
1383
1404
1405
1407
1409
1410
1411
1412
1415
1423
1424
1425
1426
1427
1429
1430
1431
1436
1437
1441
1442
1443
1446
1447
1448
1449
1450
1451
1455
1456
1463
1464
1465
1468
1469
1470
1481
1483
1488
1494
1495
1497
1499
1500
1501
1504
1506
1507
1510
1511
1512
1516
1517
1518
1519
1526
1527
1529
1537
1538
1540
1541
1547
1548
1553
1554
1555
1565
1568
1569
1570
1572
1574
1582
1585
1589
1591
1594
1595
1598
1600
1601
1602
1603
1605
1606
1607
1611
1622
1633
1636
1637
1638
1642
1644
1647
1649
1650
1652
1659
1675
1678
1681
1686
1689
1690
1693
1694
1695
1696
1697
1701
1706
1707
1708
1709
1710
1714
1716
1721
1722
1723
1727
1729
1730
1731
1732
1733
1737
1740
1744
1750
1752
1757
1759
1761
1762
1763
1764
1765
1766
1767
1768
1776
1782
1785
1788
1789
1791
1798
1799
1801
1804
1807
1812
1815
1816
1818
1820
1822
1826
1827
1831
1837
1838
1850
1851
1863
1865
1866
1867
1873
1878
1882
1884
1886
1893
1900
1905
1906
1908
1911
1913
1916
1917
1918
1919
1921
1923
1924
1926
1933
1934
1942
1946
1948
1952
1962
1966
1968
1973
1974
1978
1981
1982
1983
1984
1985
1989
1990
1991
1992
2000
2001
2002
2003
2004
2005
2006
2007
2008
2009
2010
2011
2012
2013
2014
2015
2019
2022
2025
2029
2030
2033
2035
2036
2037
2039
2040
2042
2044
2045
2046
2049
2051
2053
2055
2056
2057
2062
2065
2067
2072
2083
2085
2086
2087
2088
2089
2090
2091
2093
2094
2095
2096
2105
2106
2108
2110
2111
2115
2116
2120
2129
2130
2134
2135
2137
2140
2143
2144
2145
2146
2147
2149
2151
2164
2170
2175
2176
2177
2184
2191
2192
2200
2201
2205
2206
2213
2214
2215
2220
2236
2240
2241
2243
2245
2248
2249
2254
2255
2256
2268
2269
2271
2272
2279
2284
2287
2288
2300
2307
2308
2313
2316
2321
2322
2323
2326
2327
2330
2333
2337
2344
2345
2356
2358
2361
2362
2364
2365
2385
2390
2396
2397
2398
2404
2407
2412
2414
2418
2421
2423
2428
2429
2430
2432
2436
2445
2447
2449
2451
2458
2465
2466
2471
2472
2477
2479
2481
2483
2484
2487
2489
2492
2494
2496
2497
2500
2504
2506
2507
2509
2518
2520
2522
2528
2529
2532
2535
2537
2542
2543
2545
2549
2550
2559
2560
2562
2566
2567
2570
2571
2572
2575
2579
2583
2584
2587
2592
2594
2599
2604
2606
2617
2619
2623
2624
2626
2628
2636
2639
2641
2642
2646
2653
2655
2656
2661
2669
2674
2695
2700
2712
2713
2714
2720
2724
2726
2728
2732
2740
2741
2742
2743
2744
2753
2757
2760
2767
2768
2769
2772
2775
2783
2784
2785
2787
2794
2796
2801
2804
2806
2808
2811
2812
2814
2818
2822
2828
2829
2830
2831
2832
2833
2834
2838
2842
2843
2853
2856
2857
2858
2865
2869
2870
2872
2878
2880
2881
2882
2883
2885
2889
2902
2904
2905
2906
2908
2912
2919
2920
2932
2935
2936
2947
2950
2951
2952
2957
2958
2959
2968
2969
2971
2974
2975
2980
2983
2989
2990
2992
2995
2996
2997
3000
3003
3010
3012
3020
3024
3031
3033
3042
3043
3046
3049
3050
3059
3061
3064
3067
3069
3073
3074
3081
3082
3085
3088
3090
3092
3095
3096
3099
3105
3111
3114
3118
3123
3125
3128
3130
3134
3136
3137
3138
3141
3143
3147
3154
3156
3158
3161
3162
3163
3164
3166
3185
3194
3195
3196
3205
3217
3220
3222
3226
3231
3232
3233
3234
3241
3243
3244
3245
3249
3250
3252
3254
3259
3262
3264
3268
3273
3275
3279
3281
3284
3285
3286
3288
3289
3290
3291
3293
3294
3296
3299
3306
3309
3313
3314
3315
3318
3319
3321
3326
3327
3328
3338
3339
3340
3341
3342
3351
3352
3353
3354
3362
3372
3378
3379
3381
3383
3384
3390
3391
3392
3395
3399
3400
3408
3413
3417
3418
3421
3423
3424
3426
3428
3429
3431
3432
3434
3435
3445
3447
3451
3453
3454
3455
3456
3467
3470
3476
3477
3479
3482
3484
3487
3489
3493
3494
3505
3509
3512
3513
3519
3521
3524
3525
3530
3531
3535
3536
3544
3545
3550
3551
3555
3565
3579
3582
3584
3589
3593
3597
3598
3610
3620
3621
3625
3632
3633
3634
3635
3637
3639
3645
3648
3649
3653
3654
3656
3658
3662
3663
3670
3671
3681
3683
3686
3689
3690
3693
3694
3699
3709
3713
3721
3724
3727
3728
3731
3732
3735
3736
3741
3744
3748
3749
3761
3762
3763
3772
3774
3775
3777
3779
3780
3783
3787
3794
3795
3797
3800
3802
3806
3807
3811
3813
3819
3820
3821
3838
3839
3842
3844
3846
3848
3853
3860
3865
3881
3882
3883
3896
3897
3898
3901
3902
3905
3915
3916
3917
3919
3925
3926
3939
3942
3943
3944
3945
3947
3948
3949
3954
3956
3960
3963
3967
3972
3975
3990
3992
4001
4005
4011
4020
4022
4027
4029
4031
4034
4037
4040
4041
4042
4043
4044
4049
4096
4098
4099
4111
4138
4143
4154
4201
4321
4343
4346
4348
4352
4369
4400
4401
4402
4403
4405
4406
4442
4443
4444
4446
4450
4535
4536
4546
4555
4557
4559
4567
4569
4662
4672
4673
4677
4682
4683
4685
4686
4687
4690
4737
4739
4750
4751
4752
4800
4801
4802
4827
4868
4885
4894
4949
4951
5002
5022
5050
5055
5060
5061
5064
5065
5072
5073
5081
5090
5091
5100
5133
5137
5150
5154
5167
5168
5190
5191
5192
5193
5232
5234
5251
5272
5300
5301
5307
5310
5313
5351
5352
5353
5354
5355
5357
5400
5411
5414
5418
5419
5429
5435
5453
5566
5584
5602
5603
5672
5673
5675
5676
5678
5679
5680
5688
5721
5730
5747
5757
5813
5815
5963
5991
6000
6066
6067
6068
6069
6071
6103
6104
6110
6111
6112
6133
6149
6163
6253
6300
6343
6500
6558
6621
6623
6627
6667
6786
6790
6791
6888
6961
6962
6966
6969
7020
7022
7023
7024
7025
7070
7100
7174
7200
7201
7227
7273
7397
7426
7430
7431
7437
7501
7510
7543
7544
7545
7546
7547
7560
7588
7624
7626
7633
7697
7738
7743
7777
7779
7794
7800
7887
7901
7902
7932
7933
7999
8000
8032
8081
8082
8083
8118
8132
8148
8160
8206
8230
8400
8401
8402
8416
8450
8473
8500
8555
8600
8699
8733
8770
8786
8787
8804
8999
9002
9009
9020
9023
9024
9025
9026
9080
9088
9090
9131
9200
9210
9284
9287
9321
9418
9593
9594
9595
9598
9599
9753
9800
9801
9802
9875
9876
9900
9953
9991
10000
10008
10080
10081
10103
10288
10990
11000
11001
11111
11112
11201
11319
12012
12168
12172
12345
12753
13160
13720
13721
13724
13782
13783
13785
13786
14001
14141
14145
15000
15345
15363
15740
16309
17219
18000
18186
18769
18881
19000
19283
19410
19411
19539
19540
19541
20000
20011
20012
20670
21000
21800
22273
22289
22305
22321
22800
22951
24000
24004
24005
24321
24554
24922
25903
26000
26208
26260
26264
27374
28000
31416
31620
37475
40841
41111
42508
42509
42510
44321
45678
47000
47806
47808
48002
48003
60177
60179
